start=405.822000
volume=87.000000
border=no
aid=1
sid=1
