start=634.759000
volume=85.000000
audio-delay=-0.000000
fullscreen=yes
border=no
aid=1
sub-delay=-0.000000
