start=39.039000
volume=92.000000
fullscreen=yes
border=no
aid=1
sid=1
