start=1.251000
volume=85.000000
fullscreen=yes
border=no
aid=1
